-2038.666 -490.0 -335.0 -180.0 -80.0 -2241.147 -490.0 -335.0 -180.0 -80.0 -2160.0 -2100.0 -630.0 -570.0 -170.0 -110.0 -2040.563 -490.0 -335.0 -325.0 -225.0 -2241.481 -490.0 -335.0 -325.0 -225.0 -2180.0 -2120.0 -610.0 -550.0 -345.0 -285.0 -2280.0 -2190.0 -485.0 -335.0 -245.0 -145.0 -2270.0 -2180.0 -610.0 -550.0 -280.0 -160.0 -2143.6 -620.5 -220.07 -2143.6 -595.5 -219.34 
-2.7 -2.6 -2.6500000953674316 0.4032258093357086 0.10000000149011612 2.0
 -1 -0.9 -0.9800000190734863 0.4032258093357086 0.10000000149011612 2.0
 -0.08 0 -0.07400000095367432 0.02016128972172737 10.0 2.0
 0 0.06 0.04800000041723251 0.02016128972172737 10.0 2.0
 4 15 5.869999885559082 0.012096770107746124 0.10000000149011612 3.0
 50 65 55.970001220703125 0.008064515888690948 10.0 2.0
 10 25 21.954999923706055 0.02016128972172737 200000.0 6.0
 -15 8 -10.300000190734863 0.008064515888690948 10.0 2.0
 3 8 7.164999961853027 0.008064515888690948 10.0 2.0
 10 18 16.899999618530273 0.008064515888690948 10.0 2.0
 0 20 5.46999979019165 0.008064515888690948 10.0 2.0
 -10 0 -4.929999828338623 0.008064515888690948 10.0 2.0
 0 3 0.7599999904632568 0.008064515888690948 10.0 2.0
 -1.5 1.5 0.7699999809265137 0.008064515888690948 10.0 2.0
 -1.5 1.5 -0.7400000095367432 0.008064515888690948 10.0 2.0
 60 100 79.9000015258789 0.008064515888690948 10.0 2.0
 60 100 96.58799743652344 0.008064515888690948 10.0 2.0
 60 100 81.41000366210938 0.008064515888690948 10.0 2.0
 -100 -20 -22.829999923706055 0.008064515888690948 10.0 2.0
 -100 -20 -39.709999084472656 0.008064515888690948 10.0 2.0
 -100 -20 -38.4900016784668 0.008064515888690948 10.0 2.0
 c_long(1)
c_float(210.0)
c_float(1530.0)
c_float(300.0)
c_float(1.0)
c_float(0.4000000059604645)
c_long(1)
c_long(0)
c_float(30.0)
5
10 